4294967294,909
124,5
124,4
124,3
124,2
124,1
124,0
4294967294,908
123,5
123,4
123,3
123,2
123,1
123,0
4294967294,480
122,6
122,5
122,4
122,3
122,2
122,1
122,0
4294967294,1084
4294967294,1083
121,5
121,4
121,3
121,2
121,1
121,0
120,5
120,4
120,3
120,2
120,1
120,0
4294967294,81
4294967278,389
119,5
119,4
119,3
119,2
119,1
119,0
118,6
118,5
118,4
118,3
118,2
118,1
118,0
117,5
117,4
117,3
117,2
117,1
117,0
4294967278,388
4294967278,387
116,6
116,5
116,4
116,3
116,2
116,1
116,0
4294967279,330
115,5
115,4
115,3
115,2
115,1
115,0
4294967278,386
114,5
114,4
114,3
114,2
114,1
114,0
4294967279,329
4294967279,328
113,4
113,3
113,2
113,1
113,0
4294967278,385
112,6
112,5
112,4
112,3
112,2
112,1
112,0
111,5
111,4
111,3
111,2
111,1
111,0
110,5
110,4
110,3
110,2
110,1
110,0
4294967294,479
109,6
109,5
109,4
109,3
109,2
109,1
109,0
108,5
108,4
108,3
108,2
108,1
108,0
4294967278,384
107,5
107,4
107,3
107,2
107,1
107,0
4294967294,937
105,5
106,4
106,3
106,2
106,1
106,0
105,4
105,3
105,2
105,1
105,0
104,4
104,3
104,2
104,1
104,0
4294967294,438
103,4
103,3
103,2
103,1
103,0
102,4
102,3
102,2
102,1
102,0
4294967278,307
101,4
101,3
101,2
101,1
101,0
100,4
100,3
100,2
100,1
100,0
99,4
99,3
99,2
99,1
99,0
4294967294,478
98,4
98,3
98,2
98,1
98,0
97,4
97,3
97,2
97,1
97,0
96,4
96,3
96,2
96,1
96,0
95,4
95,3
95,2
95,1
95,0
94,4
94,3
94,2
94,1
94,0
93,4
93,3
93,2
93,1
93,0
92,4
92,3
92,2
92,1
92,0
91,4
91,3
91,2
91,1
91,0
4294967294,910
4294967294,477
90,4
90,3
90,2
90,1
90,0
4294967294,318
89,4
89,3
89,2
89,1
89,0
4294967278,383
88,4
88,3
88,2
88,1
88,0
4294967278,382
87,4
87,3
87,2
87,1
87,0
86,4
86,3
86,2
86,1
86,0
85,4
85,3
85,2
85,1
85,0
84,4
84,3
84,2
84,1
84,0
4294967278,381
4294967279,327
4294967279,326
4294967278,380
4294967279,325
4294967294,1079
4294967294,476
4294967278,379
4294967279,549
4294967293,131
4294967293,130
4294967293,129
4294967293,128
4294967293,127
4294967293,126
4294967293,125
4294967293,124
4294967293,123
4294967293,122
4294967293,121
4294967293,120
4294967293,119
4294967293,118
4294967293,117
4294967293,116
4294967293,115
4294967293,114
4294967293,113
4294967293,112
4294967293,111
4294967293,110
4294967293,109
4294967293,108
4294967293,107
4294967293,106
4294967293,105
4294967293,104
4294967293,103
4294967293,102
4294967293,101
4294967293,100
4294967293,99
4294967293,98
4294967293,97
4294967293,96
4294967293,95
4294967293,94
4294967293,93
4294967293,92
4294967293,91
4294967293,90
4294967293,89
4294967293,88
4294967293,87
4294967293,86
4294967293,85
4294967293,84
4294967293,83
4294967293,82
4294967293,81
4294967293,80
4294967293,79
4294967293,78
4294967293,77
4294967293,76
4294967293,75
4294967293,74
4294967293,73
4294967293,72
4294967293,71
4294967293,70
4294967293,69
4294967293,68
4294967293,67
4294967293,66
4294967293,65
4294967293,64
4294967293,63
4294967293,62
4294967293,61
4294967293,60
4294967293,59
4294967293,58
4294967293,57
4294967293,56
4294967293,55
4294967293,54
4294967293,53
4294967293,52
4294967293,51
4294967293,50
4294967293,49
4294967293,48
4294967293,47
4294967293,46
4294967293,45
4294967293,44
4294967293,43
4294967293,42
4294967293,41
4294967293,40
4294967293,39
4294967293,38
4294967293,37
4294967293,36
4294967293,35
4294967293,34
4294967293,33
4294967293,32
4294967293,31
4294967293,30
4294967293,29
4294967293,28
4294967293,27
4294967293,26
4294967293,25
4294967293,24
4294967293,23
4294967293,22
4294967293,21
4294967293,20
4294967293,19
4294967293,18
4294967293,17
4294967293,16
4294967293,15
4294967293,14
4294967293,13
4294967293,12
4294967293,11
4294967293,10
4294967293,9
4294967293,8
4294967293,7
4294967293,6
4294967293,5
4294967293,4
4294967293,3
4294967293,2
4294501266,0
4294501265,0
4294501264,0
4294501263,0
4294501262,0
